   NOP       0000 0000     0        00

   STORE     0000 0001     1        01
   LOAD      0000 0010     2        02
   IN        0000 0011     3        03
   OUT       0000 0100     4        04

   ADD       0001 0001    17        11
   SUB       0001 0010    18        12
   MUL       0001 0011    19        13
   DIV       0001 0100    20        14
   MOD       0001 0101    21        15

   AND       0001 0110    22        16
   OR        0001 0111    23        17
   XOR       0001 1000    24        18
   SHL       0001 1001    25        19
   SHR       0001 1010    26        1A
   NOT       0001 1011    27        1B
   SHRA      0001 1100    28        1C

   COMP      0001 1111    31        1F

   JUMP      0010 0000    32        20
   JNEG      0010 0001    33        21
   JZER      0010 0010    34        22
   JPOS      0010 0011    35        23
   JNNEG     0010 0100    36        24
   JNZER     0010 0101    37        25
   JNPOS     0010 0110    38        26

   JLES      0010 0111    39        27
   JEQU      0010 1000    40        28
   JGRE      0010 1001    41        29
   JNLES     0010 1010    42        2A
   JNEQU     0010 1011    43        2B
   JNGRE     0010 1100    44        2C

   CALL      0011 0001    49        31
   EXIT      0011 0010    50        32
   PUSH      0011 0011    51        33
   POP       0011 0100    52        34
   PUSHR     0011 0101    53        35
   POPR      0011 0110    54        36

   SVC       0111 0000   112        70
